1 0
1000
0 1
0 15134
1 69908
0 671105
0 308831
1 719760
447530 624417
177858 425223
93335 543338
163045 382640
436807 574277
1 740723
1 83930
154324 435672
1 435709
1 407874
1 991615
0 222214
0 985673
1 440645
0 109344
546858 766087
0 530509
635001 866656
1 108213
1 582665
99707 184978
0 734097
0 783667
0 126418
1 203642
0 649064
210901 808604
1 772270
1 641263
0 342812
0 334873
597995 797412
1 128750
1 58131
0 322049
1 162072
1 813603
0 67109
129134 529390
0 841264
0 129223
0 216738
1 541370
295748 737851
1 893781
1 85949
1 669427
0 538302
1 320599
1 739493
0 564166
353418 814988
1 16593
1 14438
485609 542182
0 201809
573082 609786
1 757894
496695 754058
0 54814
0 944406
0 135096
1 74400
1 778063
0 380381
0 198380
134408 749711
76890 626419
0 623458
423892 682257
0 248793
1 140271
1 987874
410393 480762
117696 901523
1 511842
1 820927
0 952249
10238 563727
0 489866
0 800744
608116 814095
1 581802
1 275935
0 423722
0 656497
0 414059
1 476457
1 13225
1 406499
154630 849272
0 965194
664562 978913
0 736009
43155 736057
222524 798669
314429 517528
552000 791737
0 50695
1 885829
224347 625699
0 666717
1 556020
0 4951
0 990609
117349 241445
0 574161
0 994836
0 89893
1 903835
168977 386358
398943 835184
0 330467
1 440620
54090 76032
1 595956
0 166616
0 347569
0 923775
0 681456
578927 852629
126255 603054
0 379711
0 401827
160626 575407
1 109596
0 707672
107585 712011
0 90147
184813 631782
0 927373
237064 655056
0 51711
0 221305
0 875997
0 954155
739882 750174
208869 288290
1 400957
328119 700197
0 236435
1 905803
0 812878
1 740673
0 695429
47236 400905
950502 957731
0 204510
1 59576
0 779284
1 664697
551685 926166
0 120698
0 995826
1 623148
1 732198
102571 213389
0 646577
1 284093
367210 885900
1 656911
1 486140
0 895630
0 422080
170784 743078
278831 300178
1 428182
1 393586
26864 383115
368298 485320
0 655432
0 589890
793846 891201
1 590623
475106 582684
278550 763571
1 939337
0 863708
1 632730
1 465269
223431 616640
0 325543
1 772771
1 798018
0 640706
1 473704
0 976149
1 527003
0 788427
1 532772
0 266681
213675 416665
0 616523
0 583806
1 38689
148862 407427
1 357348
1 40662
0 568869
362506 920611
1 59768
461979 593588
631128 864046
0 962317
0 495268
1 904887
0 162448
0 473788
1 490968
1 976861
0 239245
262184 967176
161227 719608
427566 833141
0 282959
399836 941693
1 213278
685087 736745
117904 370908
1 884190
1 572222
0 278494
1 19081
0 866136
1 464889
267796 810086
236880 794051
1 344091
1 28800
441142 889804
726462 972593
1 47817
0 918255
0 793895
475920 867592
1 78006
0 968980
0 639391
0 564279
0 653002
170118 725117
96431 519519
73684 512195
218387 268965
243314 884690
98285 862286
0 923944
77486 81092
295168 796954
1 213107
1 798584
0 176784
1 887285
0 981100
1 747707
0 33567
1 469458
0 998884
0 425605
1 718700
0 503790
323653 794359
421690 615384
393999 945357
1 381658
0 205702
0 374470
0 8317
1 182786
533791 695939
651662 956861
78271 112389
0 805768
690570 971771
364240 744945
1 877648
61399 652317
188050 476990
1 104896
1 78348
1 893084
0 927386
0 719947
0 361702
683218 903895
1 530312
215287 697858
0 359708
1 19120
1 955460
0 995154
1 996246
217902 582858
0 343621
46055 786861
0 380204
1 888246
1 487323
0 615909
1 695915
1 379552
1 683403
0 738800
9334 98860
821344 869079
0 161790
454531 605261
1 726293
1 340385
536310 744487
0 376787
0 297600
0 647714
1 230746
0 834166
0 753324
1 149329
0 217350
133138 378080
27156 146496
1 155576
0 456780
144163 954037
0 987213
420079 566302
71405 314072
278622 731055
1 162181
1 664775
0 110443
0 873875
0 554183
197651 335744
47063 883988
0 274493
0 674286
0 427041
560771 593354
1 244888
100302 902458
1 565726
1 565387
0 635484
674482 872578
1 670863
0 970632
656014 849711
1 696105
1 992822
0 441553
15077 521631
1 874028
0 579411
0 343429
164536 704182
250309 664592
0 232169
0 597400
0 566805
0 830494
763359 936141
1 594736
0 755579
1 537286
802700 989622
219843 531251
0 872815
564119 983032
0 522142
0 772834
0 103734
556532 846694
1 549734
1 615029
629932 864822
262871 879940
1 711336
759784 799818
367098 504917
0 642955
575572 593196
126924 243958
0 473406
1 912578
0 105244
0 481900
1 233021
689002 872828
0 628727
0 749416
0 58228
0 151058
0 192631
1 172735
1 459291
363237 760341
374542 825564
0 763970
0 604670
0 32220
160000 791104
1 361565
1 265614
306768 613621
1 835868
1 957054
0 198320
1 401417
0 443326
469476 748944
55225 992730
1 519580
0 696411
1 772917
1 579975
1 116009
0 803410
1 939962
1 561695
1 452839
530824 767966
1 409230
359036 507876
417354 894533
0 524479
539262 821523
0 438526
1 432895
0 579794
167463 442162
168463 761251
1 452068
1 222731
27262 796946
0 955017
484581 893089
49159 367301
0 34002
0 250334
0 495526
1 737944
1 763800
552789 751309
0 6882
531534 705120
1 672015
1 88485
232166 660531
167568 875121
0 193946
1 848682
318946 979819
424199 517296
692726 845189
510184 745034
1 585079
1 127224
138337 485564
450358 722461
393807 770398
1 81842
0 425822
1 396252
0 720249
1 472168
1 509845
0 747843
0 782910
1 441518
0 214822
1 334292
0 378759
0 873353
0 798620
0 952156
440134 586500
227146 754034
30743 796042
0 916366
1 240770
191662 682049
0 312004
1 78406
1 686337
0 682227
1 624780
349109 785718
0 913768
312818 859677
0 821504
1 642236
0 6764
703863 922322
0 376521
360230 500170
1 301707
1 43125
1 701169
1 276194
47690 277621
1 881668
0 894550
1 66579
561454 851424
0 12843
0 21206
1 128467
0 284072
436783 767752
1 291996
612732 933123
0 269751
1 294982
1 945944
1 785794
0 7676
0 17554
0 680593
0 691900
0 566192
0 553462
405576 902184
0 561608
1 54027
701622 817760
1 232412
661274 924686
516884 765735
0 332334
71233 540454
0 999733
0 763445
527888 885432
597279 627745
13800 194790
1 597524
619191 755161
0 994561
517343 695027
1 605431
471826 609016
1 135388
1 560495
1 827510
1 638071
1 839566
1 170160
217999 993394
0 515133
0 686971
732268 812165
0 820362
45143 242307
0 79610
142646 318127
550238 683372
0 236567
1 16525
259408 582283
1 19118
1 431496
1 415113
8240 796181
1 257449
0 711298
54911 380729
341120 920562
0 891645
428965 785210
687042 887368
1 663877
404984 580182
1 981151
1 878209
469163 507669
0 400573
0 732481
0 871972
0 859555
326497 984045
0 511122
0 53383
53727 212694
0 608991
0 308174
320909 544022
500215 829604
338958 549701
0 105176
0 151055
0 675130
1 974948
1 101498
286117 409330
237535 448997
0 246020
0 487499
0 236301
1 890854
1 982813
1 609295
0 650599
0 17422
397419 563564
0 167316
0 424168
1 967881
0 309026
445220 731702
652906 718202
1 298850
442550 976021
1 626973
405464 618720
0 591712
1 201862
311571 443796
0 89659
0 513910
0 232705
0 79373
1 437727
1 457954
0 368836
1 515873
1 75170
0 686996
1 355155
1 322841
0 359164
0 114715
95202 556746
0 57191
127561 465093
96561 663123
1 372537
490056 596632
0 321925
0 800909
1 159670
562093 635472
0 592297
258074 462317
1 945245
1 677236
0 678943
1 345700
1 267465
17583 660322
568015 675343
1 170793
0 410168
0 504572
0 413438
1 403563
1 720306
0 694960
397332 902341
1 924551
822744 948813
1 907953
0 326178
64013 566964
1 412407
1 221554
45776 918713
1 158848
0 537730
0 596366
0 109311
31197 832158
323317 519616
0 211917
319413 721751
0 522614
886505 998706
0 953818
1 91100
0 893779
0 527948
129991 429991
250107 292843
43446 853020
0 147758
238032 961488
74747 253978
0 144137
0 361383
1 171502
1 594838
0 105040
266119 746818
949828 950447
69170 738331
0 756138
0 555408
0 351343
1 903936
0 769267
280643 461024
1 514700
254048 785829
156412 465268
786053 893275
0 860236
0 489670
436394 964663
1 660164
1 193665
1 482191
0 364803
0 279066
845 325026
0 259018
1 442063
0 511140
1 740277
0 589808
544577 713673
295113 856083
1 512955
671066 807953
1 887431
227662 891295
0 213721
0 661680
1 94087
265597 470284
1 896108
1 189183
0 486767
1 429181
472213 749308
557440 656540
24552 578020
152969 961440
0 740549
0 850877
95365 677017
195127 273025
0 960068
1 874303
0 672170
1 795752
457403 735112
71148 178709
1 605772
287379 342412
1 687882
659537 875356
1 848701
0 533970
377285 502581
1 334380
1 505705
216484 584501
92852 120522
1 297759
0 51958
1 681270
0 573993
355857 819026
188288 741194
369535 703323
0 924388
1 758783
1 145192
723340 911951
0 741720
889394 906149
0 961271
0 586990
0 622662
1 609497
1 596967
0 290077
0 824584
0 343284
1 254490
0 735573
199607 521439
346721 565512
0 165565
1 254134
610258 820346
488509 526903
1 292413
150 716080
0 212636
0 682688
0 570905
1 211866
0 592447
1 43565
1 378561
712416 719061
72831 291642
0 227388
429106 740475
625375 961487
1 598024
96463 812933
0 131984
1 6119
63539 360897
327529 445484
1 473992
1 588870
1 334302
850470 869349
0 155734
325902 765930
452908 754063
1 913511
1 999292
1 441230
556776 680663
0 775453
864292 875499
499538 935004
0 456472
1 635561
1 457429
0 385437
1 312672
47150 753130
0 288599
0 93226
535477 840412
79383 401608
204978 765865
1 153197
1 441541
0 876951
0 217566
0 771185
1 873673
0 397337
0 18034
484470 783091
124651 732398
250525 500404
0 330928
1 508411
1 496891
925053 999000
440851 502235
443724 527405
653957 919716
158070 421341
0 369909
1 764392
360640 799457
261471 641684
1 622745
1 963649
651225 821271
1 602941
0 668255
129662 629869
1 683446
154636 649714
0 852466
1 562578
1 806885
1 169554
1 55090
335305 938117
1 422140
0 753074
1 317985
0 270295
0 724288
385806 431943
1 232378
1 916644
136828 878256
0 651202
1 883286
0 630648
1 195384
234313 310578
0 260590
0 832861
0 439532
1 614565
0 449204
514195 944302
0 619062
1 30847
1 352518
40200 841623
1 207455
0 319344
297680 968235
0 95372
0 55212
0 258442
710391 770207
1 316917
0 731916
1 387806
240706 400408
0 374114
197167 581230
107413 795413
0 722615
1 211296
0 857129
0 885240
589082 884157
0 429455
1 342171
0 967373
771717 824139
278248 334618
144855 690757
1 734567
0 130909
850829 973140
0 674100
1 857196
0 966286
0 521923
1 946169
135151 981213
287029 705701
374828 519477
77749 305482
0 951206
1 68707
1 543635
78149 995992
0 559841
264088 287790
0 671588
417702 911598
181566 680243
94852 452311
0 270579
7217 842545
0 749340
1 493055
0 799112
1 233248
164261 625725
171714 682185
1 446041
1 503048
0 624520
70589 773135
399883 761757
554727 765882
274438 330707
81439 918622
1 946872
0 653760
0 909487
0 706978
1 86276
1 470735
0 684729
0 680159
1 297219
636572 982834
185319 320567
0 902649
177999 923901
1 400161
0 532632
624442 937675
0 43264
1 706153
207654 852870
0 175529
0 676979
1 631053
0 975755
100920 255629
487621 652362
0 126090
1 242274
1 382691
1 780112
72236 168965
1 253830
0 776834
114068 721123
1 169757
437476 677830
1 33021
1 477595
0 117839
392112 475168
