1 0
1000
249649 931559
0 1
592518 929685
10698 950191
0 583944
168832 358931
534894 873106
0 698993
1 409775
1 309847
1 563891
92291 520167
728496 812505
0 712338
0 276245
0 116031
0 314522
0 336227
58695 803256
1 587459
346456 391107
0 164606
1 180927
0 26280
290527 381866
0 3879
542050 783732
200319 265636
255251 592380
0 738571
0 899434
0 796028
0 462881
307893 855419
627117 824710
0 860393
0 552754
1 979538
1 201320
204480 277168
1 336786
1 82477
1 112371
1 165170
569876 650488
826152 931830
0 16223
0 241888
513884 627212
701813 989508
0 457769
1 347300
0 361034
118670 450258
1 617783
1 717484
0 25615
1 172426
462030 645149
294968 654628
0 495798
0 70548
0 730497
1 485225
415414 693465
303978 683035
1 338522
94205 243457
1 863234
0 838813
281886 823333
1 323783
1 500638
1 196195
0 687522
540569 577028
0 6085
192970 649953
308173 341323
0 166683
1 386063
1 764975
0 74310
1 420589
1 353463
0 965912
523815 864130
1 935766
1 138128
0 477311
1 92781
1 399100
437269 512483
1 615838
913121 913813
0 315409
1 35869
1 45007
1 758110
1 843496
50757 483452
958719 970566
1 913487
0 392704
0 717558
0 137086
0 813359
243245 411039
0 723727
237383 413680
0 833232
0 480533
1 624635
0 654913
0 448760
0 52897
1 883283
550624 852979
1 497676
1 932168
1 509426
214886 961712
0 294675
1 747693
166992 702458
0 571645
1 410290
486225 505246
684211 708914
1 456822
276465 295944
1 891313
484487 493377
661141 716365
0 229886
392141 818786
0 584739
485804 510822
1 658727
368987 505270
1 311329
1 449980
1 100802
0 559137
307650 689976
0 514826
0 169991
0 428347
85922 491176
58871 689495
0 287795
237634 902699
6787 323405
0 380325
1 61622
1 972218
450764 462672
1 123396
1 4240
0 203079
0 635035
374331 735856
0 677295
0 163541
13643 728836
1 836369
1 620407
1 126609
1 509036
0 427106
0 58874
1 432303
4546 761919
127883 914442
1 669282
0 89781
0 495898
0 746313
336241 381620
1 29517
0 873936
1 901835
363701 503051
0 755468
1 604434
0 410275
947101 982874
177406 329347
1 737400
1 451443
0 150739
1 235093
307148 905265
0 56174
602666 772201
0 581756
587471 820873
0 591573
0 590705
0 421971
366589 802669
1 800068
1 460492
1 695871
0 904938
0 265489
130763 775254
1 256416
1 966373
1 402014
305770 466705
0 696913
0 506187
144396 450619
0 293303
1 784226
0 562367
291428 889257
0 492981
0 680176
733384 861715
0 980423
0 82073
1 538221
433908 764288
0 514982
0 131506
0 973145
0 395921
1 421756
260010 452835
0 918080
60840 223739
1 202266
0 87537
226565 625020
0 372717
412044 693428
0 39135
0 657300
134061 929358
98718 669453
265491 571148
0 716219
210030 882765
429410 589717
1 176799
0 775830
0 994268
1 90721
0 229192
1 342934
2686 800554
0 37161
0 394401
0 731663
349306 957024
435710 680806
447066 928712
0 296967
1 607371
662462 999896
427896 463666
597880 773963
0 61726
278764 916234
609047 802051
0 716350
1 159495
1 698593
0 98090
46862 670122
1 749324
154298 922255
0 520181
0 654140
1 449944
1 381632
455111 465620
0 957810
1 923558
1 879424
1 246643
162234 787971
748794 904859
730860 801414
1 891940
1 534810
0 686838
121355 628818
0 970592
0 7854
0 28487
1 851149
664220 971811
1 889272
1 547954
0 481315
303369 954116
64526 253890
1 959812
1 444578
1 458868
1 466675
0 719686
1 149849
26198 709437
0 25205
0 213809
0 811968
277090 443012
1 510507
407246 417182
0 206168
158825 211898
285163 718314
0 139002
0 394070
0 636213
1 179083
0 928978
1 443805
419841 916525
0 738172
1 865015
17300 307875
0 418552
472580 898454
1 326781
0 175333
130610 959206
0 753260
145625 336786
363637 878977
0 562370
444925 871527
771584 841722
232775 359211
0 752695
112704 391263
0 554640
542878 935959
1 755805
1 897428
1 886676
748506 870438
1 554721
0 708253
162785 437759
1 816344
0 723894
0 319916
0 580426
0 225453
62737 926328
0 891022
1 406687
0 197055
211292 887334
1 334301
1 351459
0 227441
1 14962
0 817708
174615 475576
319650 884520
1 621075
0 824227
1 307032
1 350209
329369 947549
0 565121
1 557728
1 510274
0 751381
107406 593386
1 296069
0 913002
0 678926
1 242136
1 251875
1 908875
1 239732
0 999563
0 168616
1 450793
730759 988701
0 828828
1 821842
0 288291
0 962573
0 200927
137762 801157
1 822387
505180 959910
0 504079
0 794912
75066 251627
281745 865826
30536 118571
424742 474221
544457 648734
419460 465251
1 718099
0 965975
1 804106
1 150069
1 333303
706470 881547
1 95046
0 912011
0 560098
0 144275
1 990328
356208 760160
0 341947
347061 890725
106998 422987
0 807807
1 674599
1 571962
1 71559
0 131770
1 484777
129462 184639
1 502610
0 541315
1 484541
759333 766157
668852 840095
1 328748
1 421874
0 983981
420749 600975
1 549574
0 763282
1 118335
1 316161
126100 510095
0 389769
0 230410
1 322485
0 831172
136153 281211
0 637610
1 662805
1 397908
628620 763042
1 488918
1 729332
425262 683479
1 973832
0 850346
0 555815
1 201121
1 218064
634964 978117
382034 791394
436893 950317
1 916159
0 702721
0 97497
0 309404
1 278174
0 745723
1 392428
0 355715
1 948915
1 497029
1 523127
591016 621707
52977 871791
6247 907057
1 324791
0 17503
0 318723
323614 888876
1 366166
1 20231
0 627620
1 602364
1 615290
1 753884
1 731849
1 9
1 68588
1 746104
0 307629
1 737722
0 686979
234358 265223
0 239915
28539 320264
0 201091
665714 878405
53982 521519
0 146157
272923 424989
0 223379
1 641771
224827 387983
553179 670593
1 959014
1 756087
1 799257
0 203967
429239 825082
251166 614184
714089 720734
1 616262
74691 979912
0 227664
470405 949788
0 576146
0 807274
664175 969681
0 395072
0 726353
18270 152696
0 179283
544429 718068
0 545265
1 242337
1 291520
0 762894
1 771204
452004 970234
1 38925
0 847744
1 600391
0 189760
1 154528
1 114018
472924 975050
75590 775003
1 782036
524272 960021
0 845742
369084 381038
490303 541664
115179 409219
207990 367219
0 343861
0 90401
1 338669
1 103088
1 191988
1 779740
0 461731
44586 722133
1 629682
244371 508004
1 183683
1 800751
0 94547
1 435686
0 691637
0 428283
672842 745909
0 65255
1 543088
325732 517715
1 67332
1 920554
422820 602676
128510 312534
137539 983844
1 245842
492407 725944
227323 352641
1 897002
268113 302344
1 346541
1 474303
405001 427845
1 920419
1 425191
1 652254
316478 362376
1 413118
0 916108
209352 255014
1 382899
1 974663
304467 739544
491048 590724
0 517442
1 823066
295330 962231
0 939132
0 419491
795512 824065
1 677433
1 797518
0 733133
0 180790
0 367974
1 373635
1 214510
0 112138
1 196950
77990 293593
558893 796435
0 818001
1 348413
107616 457623
0 254470
905921 973520
1 983007
677430 736275
391677 466022
0 221442
1 551880
0 701200
308604 815352
1 816545
0 957440
1 538830
1 874008
609462 826872
1 578961
0 380011
1 508559
1 371727
109203 301254
63692 658905
0 311065
1 4350
1 260232
261403 989610
249328 803740
0 482099
817760 840154
61124 810596
54540 435383
106620 463480
0 247708
0 867542
0 969224
490936 535549
0 842383
1 973942
0 338517
0 437822
1 65973
1 446934
628351 765568
0 388122
1 714150
0 794994
63582 303619
0 969759
640651 780603
0 97225
168883 291399
538693 555400
60665 241615
1 526841
1 488415
0 72647
1 328075
1 823310
0 734806
2095 48280
17740 533403
1 633325
1 211741
1 790206
518861 714822
0 801602
1 328288
453450 858408
790808 861044
1 941291
0 709561
1 875986
0 645009
0 689922
1 331260
1 629262
0 845785
0 963946
0 283373
68453 452345
1 480002
273336 305625
0 117879
375492 531083
347685 853283
1 289694
0 718468
0 881617
0 239148
1 587328
1 716420
1 367491
1 581865
442664 563627
1 733870
0 166302
470950 657811
292454 846643
0 906804
1 644281
435316 587707
215637 281793
266568 395806
173995 845676
258229 549557
1 331135
0 549103
0 68202
1 845845
1 333443
297996 378738
0 174165
1 882028
1 552854
434037 571532
1 3080
0 457541
1 825971
0 156765
250120 814109
0 286137
1 330867
0 851332
1 979015
1 520049
1 793857
1 98699
0 678492
362436 914178
0 563622
1 146573
403172 855974
1 333856
0 176699
0 40713
198432 213756
0 147985
0 399433
1 254092
803064 813357
1 463322
0 238332
1 998452
509369 636776
562265 673380
0 825976
1 712881
1 998360
0 888627
1 476465
0 379884
0 353454
263121 448914
1 658098
0 66719
442792 624988
0 256821
1 867330
1 72857
518235 850493
114365 271946
1 616312
1 492858
575721 755632
0 518372
405000 722726
0 709268
552623 919168
1 702668
77059 592307
0 934833
1 275354
0 472898
1 838385
841646 953134
1 157220
0 745085
0 968537
0 350222
1 985011
1 18701
0 941422
1 309724
568306 577440
1 329393
315083 558266
0 873420
0 104650
0 262230
1 36152
392373 457132
0 833754
1 876239
0 310051
0 652597
301116 718991
1 991573
275674 976760
447628 739640
1 807656
1 370824
1 456731
229618 298904
170640 449978
0 443842
0 274411
1 241082
1 772912
469940 769357
0 16175
192822 805946
0 270511
297835 639127
0 77065
92702 290754
0 290176
1 783828
0 573459
1 14346
0 646621
0 444055
0 592563
0 977979
1 670162
0 833056
0 758862
104177 745030
1 14087
313566 539308
130662 226996
55571 198815
516466 921766
1 646630
489307 983954
1 894380
537181 635149
0 329448
1 471774
1 146069
0 471122
299395 660572
0 850409
1 905037
328494 676884
0 331708
676577 687414
235718 472076
1 684038
1 684415
0 559413
1 315372
0 706303
1 254585
0 935531
1 416068
0 913078
0 272508
1 709038
1 392389
0 499075
1 161075
0 577953
0 870762
1 696554
0 102692
235317 565809
0 233420
0 281389
33382 128642
1 85343
1 901886
0 766306
1 78336
0 359296
0 837280
92147 361713
1 248454
106020 220186
339089 455622
23951 868640
1 89829
0 583010
123701 698189
0 859914
542715 733482
0 915514
0 770982
1 619453
0 419024
0 95898
0 766888
0 401187
511454 867595
0 738602
226831 699785
113099 627929
1 372262
40010 107587
15088 500315
0 469977
0 850873
0 390995
350775 996668
1 437906
0 305927
304040 637892
1 930013
1 405829
1 762538
682422 856688
481434 655257
633318 652091
264708 437738
0 540406
88257 899010
1 36029
95917 487125
0 164819
0 265325
0 743152
1 116668
505778 883344
1 615439
1 528366
319611 826104
1 760950
219154 982841
0 942307
0 77817
1 515288
285103 350728
0 906725
279964 626256
0 384274
1 561335
559270 929545
0 241021
0 733792
0 427572
1 702295
184435 721650
1 863811
504336 772150
1 871588
1 396213
1 885850
0 383914
406736 421396
0 62380
1 274028
103747 738381
1 778610
863791 898305
1 136635
1 188207
0 163521
1 308503
353111 601750
0 695315
250517 861056
133151 368930
33052 195430
956130 965206
0 841133
625154 699683
1 306270
0 166988
0 737517
1 734433
0 960955
1 49136
0 596463
0 734812
286042 587350
1 855072
0 258905
0 760487
349615 697137
1 110817
0 629502
1 467031
1 331769
219966 365729
0 648344
168525 509847
0 560837
81723 162297
1 701245
0 175528
0 860429
0 55990
1 160087
0 121952
0 380962
0 90573
0 886704
