1 0
1000
0 1
651225 821271
343975 733151
115543 602941
1 23880
1 818129
129662 629869
154636 649714
852466 866109
308229 412392
1 723348
347772 562578
169554 944141
1 55090
1 335305
1 422140
1 398317
0 203001
1 444843
270295 475484
665965 724288
232378 485601
656175 916644
189706 349739
1 136828
651202 825361
423194 883286
0 630648
104259 195384
0 234313
312465 832861
0 958710
443743 982127
0 686923
821960 982632
1 186833
453521 967057
1 93133
1 944302
188751 403543
0 619062
1 769062
30847 78581
40200 841623
0 755716
1 968235
95372 913861
55212 551926
258442 579777
710391 770207
0 617445
0 731916
0 372618
374114 648720
1 581230
0 722615
592753 953425
1 659717
86510 211296
447893 857129
70878 885240
0 816093
0 628024
589082 884157
52986 429455
88842 665173
12986 782757
162351 342171
1 899179
278248 334618
0 144855
0 645811
94808 130909
420583 674100
720628 857196
1 690720
0 709592
1 946169
0 252023
0 981213
374828 519477
1 579111
115498 122174
1 68707
1 329157
1 264088
49538 308685
671588 839558
417702 911598
0 982189
181566 680243
0 94852
135398 270579
92335 749340
1 493055
749948 799112
1 233248
1 164261
171714 682185
1 446041
1 503048
133608 624520
0 773135
0 288641
399883 761757
554727 765882
274438 330707
65835 653760
1 307149
613976 988593
0 706978
1 86276
1 470735
0 684729
1 714662
1 297219
1 636572
185319 320567
388159 902649
177999 923901
175911 791559
703208 995171
1 554105
0 624442
0 43264
535824 706153
207654 852870
175529 941739
0 676979
0 800562
593399 975755
100920 255629
301540 822883
487621 652362
1 675232
126090 690751
0 386929
0 736130
0 400229
72236 168965
718252 867022
1 253830
0 776834
114068 721123
0 249131
437476 677830
33021 942050
117839 918900
392112 475168
0 249649
0 935440
592518 929685
10698 950191
0 174640
0 583944
0 358931
534894 873106
409775 537503
0 730176
0 959787
1 563891
92291 520167
1 199354
85243 712338
0 276245
116031 916443
314522 710531
0 336227
0 803256
0 705828
1 17694
346456 391107
1 852444
0 477752
26280 837526
0 992201
0 381866
3879 927510
542050 783732
1 316711
0 200319
1 883909
1 59854
318659 796028
0 462881
307893 855419
0 652480
0 552754
201320 637828
204480 277168
0 954466
1 112371
165170 985272
656750 995564
569876 650488
0 931830
0 434545
0 893000
16223 432475
1 114577
513884 627212
0 701813
1 740811
0 275584
409873 742580
444106 646892
1 347300
203400 361034
118670 450258
0 648738
46110 717484
0 25615
1 172426
462030 645149
294968 654628
0 495798
70548 923460
502445 730497
530775 619372
0 167353
415414 693465
303978 683035
0 652159
0 535705
0 243457
1 863234
48322 838813
281886 823333
210428 323783
1 500638
1 337866
1 196195
0 418040
654587 687522
0 577028
1 28418
557894 853319
427120 792916
0 649953
1 308173
0 166683
1 764975
74310 552111
0 715057
1 897595
0 122371
0 965912
523815 864130
1 935766
138128 860251
0 477311
92781 674843
0 436514
1 512483
0 205438
0 913121
315409 783094
35869 628638
45007 288793
1 758110
843496 984183
1 50757
1 140615
0 970566
0 392704
63293 717558
137086 287223
1 424251
147937 360255
243245 411039
0 465166
723727 742348
237383 413680
1 703423
31650 480533
145367 624635
1 918585
0 585414
603143 654913
64926 448760
0 52897
1 883283
550624 852979
0 892681
317356 932168
0 687043
702302 968076
0 214886
0 906229
241284 769831
294675 945322
1 747693
0 166992
0 571645
236359 410290
0 486225
1 684211
0 957498
1 276465
0 776773
377907 851368
484487 493377
1 661141
229886 496467
392141 818786
0 485804
1 658727
1 368987
59578 804402
111252 311329
136540 977594
234396 449980
100802 107921
307650 689976
368774 514826
8985 169991
0 428347
0 504046
58871 689495
0 902699
0 927644
0 6787
380325 440793
61622 125598
1 58874
0 462672
123396 598787
4240 181227
85774 203079
285491 467134
570820 635035
163541 635551
0 371021
49740 620407
0 978118
252176 509036
187604 427106
0 58874
59945 432303
4546 761919
1 495898
0 807272
0 118744
0 89781
0 495898
22758 631505
0 721762
267800 746313
390035 615670
1 979662
0 543281
309693 586135
0 336241
0 305204
436843 873936
196839 826708
0 203655
1 503051
591096 675249
522979 755468
0 215660
1 799360
947101 982874
1 302091
0 329347
0 342347
284231 451443
1 83230
200828 273768
0 690043
380462 432246
0 905265
0 56174
0 602666
0 587471
114586 591573
590705 916778
659029 879774
1 366589
0 558694
1 780444
0 256035
0 960068
627716 695871
297653 360679
0 904938
1 668429
0 130763
0 753915
725888 966373
162279 402014
0 305770
403013 696913
0 506187
1 450619
1 367866
164610 784226
99006 562367
161078 684984
409046 426038
291428 889257
492981 645354
1 659364
1 733384
87327 980423
273651 343375
82073 822396
1 538221
433908 764288
1 335551
131506 924140
32688 973145
0 395921
1 708837
260010 452835
853247 918080
1 223739
202266 952175
47277 87537
226565 625020
462227 714372
0 372717
0 412044
39135 330396
0 321351
454925 657300
0 134061
1 90101
98718 669453
265491 571148
406553 716219
210030 882765
429410 589717
176799 571642
199784 775830
1 901092
0 994268
1 90721
0 229192
0 927738
1 2686
0 37161
394401 472429
664746 731663
0 349306
1 435710
0 435710
624718 658587
1 148965
1 607371
0 999896
427896 463666
1 437227
61726 994101
278764 916234
609047 802051
0 10781
98090 248997
1 670122
490420 969377
392635 438105
260596 918990
0 670122
0 922255
0 381632
239968 831157
654140 724863
0 418043
0 130541
1 381632
455111 465620
0 957810
1 732386
0 65815
801055 879424
1 386972
1 904859
0 730860
1 829216
193800 851220
891940 894018
1 534810
102198 686838
121355 628818
0 970592
0 7854
1 717375
184746 712056
0 261500
316237 970048
0 917872
0 971811
264303 889272
144885 547954
481315 571951
0 303369
1 253890
161723 959812
0 24711
34520 466675
0 730093
1 709437
1 110052
0 811968
1 443012
1 510507
223073 997120
407246 417182
0 209052
0 700548
0 206168
158825 211898
1 718314
395466 923906
394070 423522
452757 500900
179083 827829
426099 928978
443805 675387
0 192255
419841 916525
738172 880042
218439 865015
1 307875
1 152072
472580 898454
0 292968
175333 546736
1 992397
0 753260
145625 336786
253883 490764
1 36415
444925 871527
1 771584
232775 359211
660916 991927
0 677367
0 752695
1 125456
1 939118
1 542878
897428 963255
886676 946567
266258 694453
748506 870438
554721 855578
708253 926311
0 437759
1 816344
0 723894
0 319916
0 580426
1 814507
62737 926328
0 983728
1 406687
1 807855
25669 482016
0 887334
189571 334301
0 14310
0 227441
14962 822905
1 82977
174615 475576
319650 884520
0 776389
620354 824227
1 307032
350209 976341
1 340652
1 710636
557728 895601
353627 510274
715586 751381
107406 593386
296069 591287
322846 913002
0 678926
242136 408124
251875 375244
230706 239732
203750 999563
362120 835272
928236 948808
450793 977223
730759 988701
0 3283
157471 821842
0 288291
476482 872407
352044 962573
200927 266658
137762 801157
1 822387
0 505180
0 504079
0 794912
75066 251627
281745 865826
0 118571
1 474221
544457 648734
419460 465251
1 534889
446318 718099
1 323625
804106 952081
150069 292937
0 414251
0 514719
10924 705151
0 881547
0 748517
2586 912011
311685 640470
1 284321
1 990328
356208 760160
162941 447429
0 565447
1 890725
19243 824333
106998 422987
0 807807
318772 674599
1 662535
1 71559
0 131770
0 859168
0 542208
0 541315
457787 484541
759333 766157
1 840095
0 724157
1 421874
0 797339
983981 993363
0 600975
549574 954229
1 122836
222862 946698
118335 825232
1 316161
0 126100
230410 650323
319454 322485
0 831172
0 136153
0 637610
1 950734
662805 856965
397908 612807
1 449365
628620 763042
488918 890348
1 942963
729332 871547
0 683479
1 973832
688991 850346
0 849043
555815 808267
0 910600
1 218064
0 382034
436893 950317
761857 824745
0 624466
360306 897810
23369 867990
0 97497
527051 794927
1 243413
0 477376
0 383569
359863 674409
392428 982956
355715 972399
0 386859
0 936161
1 497029
0 716953
1 871791
1 178765
1 6247
0 295970
217831 318723
0 888876
366166 674457
1 20231
472102 627620
1 602364
1 615290
0 61570
0 42285
1 731849
0 850789
1 68588
1 746104
1 464847
0 206196
0 210076
0 686979
59498 668973
234358 265223
1 766410
201091 648250
127758 289903
0 740991
1 665714
1 53982
0 403032
1 124843
16803 538752
0 223379
641771 712148
0 387983
0 79784
553179 670593
0 747168
1 959014
603664 756087
0 203967
1 825082
251166 614184
1 720734
74691 979912
227664 420812
470405 949788
432881 576146
108279 807274
0 969681
1 768413
726353 748522
179283 204484
1 544429
545265 878778
1 242337
0 499674
762894 990809
1 452004
1 38925
224403 847744
0 602272
119865 737417
357514 392064
154528 745114
0 11783
1 975050
0 631511
364141 531732
0 75590
368918 782036
0 960021
115689 136637
1 628310
369084 381038
1 490303
41515 780130
115179 409219
207990 367219
94950 277777
343861 705204
90401 204008
120923 156563
316052 338669
0 290459
0 746986
0 461731
0 722133
334080 629682
0 508004
1 183683
58375 66551
0 85462
0 828992
0 94547
0 181745
428283 800809
333445 551759
0 672842
0 65255
539793 543088
0 988806
0 677966
307236 626401
540239 759442
422820 602676
128510 312534
245842 428669
0 213565
492407 725944
1 227323
47575 548708
897002 917340
222386 706115
268113 302344
0 20171
474303 709347
405001 427845
120030 895927
264267 920419
612090 638630
239942 425191
1 652254
427914 473731
0 362376
0 260309
278745 916108
209352 255014
382899 546076
0 818850
0 644241
1 304467
491048 590724
0 517442
0 901734
0 90984
343980 635436
295330 962231
0 939132
419491 509964
0 824065
0 907059
1 797518
389107 733133
1 348973
1 496296
81882 373635
1 214510
112138 780832
77990 293593
1 558893
1 634220
258836 348413
0 107616
1 296932
1 905921
445772 983007
1 391677
1 208075
221442 375496
0 651466
1 506311
1 551880
308604 815352
605602 816545
223161 957440
0 693464
692536 874008
609462 826872
265148 578961
1 302438
508559 972465
1 371727
436122 953564
109203 301254
63692 658905
1 867264
645009 975562
1 302982
0 723974
260232 919593
1 15642
0 261403
0 794962
249328 803740
1 943750
0 290972
817760 840154
432299 727955
61124 810596
54540 435383
106620 463480
1 86474
1 721490
673526 867542
71054 969224
1 535549
1 453041
399088 973942
437822 998321
0 831164
1 205576
446934 962662
628351 765568
0 388122
643947 714150
1 779695
1 617953
0 303619
390898 969759
640651 780603
97225 306719
168883 291399
1 555400
1 60665
400205 700258
1 851216
1 488415
1 119390
328075 869368
392633 593631
0 450302
823310 947439
1 375442
523859 734806
2095 48280
1 17740
35937 633325
1 211741
0 661565
290406 790206
518861 714822
387620 801602
735732 864687
0 617869
0 858408
790808 861044
422516 455292
941291 957835
0 709561
1 875986
0 645009
1 638814
156401 629262
97704 845785
894428 963946
1 674136
1 452345
1 480002
291908 305838
1 273336
117879 267339
315026 622600
375492 531083
289694 804950
0 726398
488181 718468
195952 881617
1 865585
419021 716420
367491 672393
551327 581865
587424 999344
442664 563627
0 905508
213006 733870
57255 771156
0 758818
166302 875712
84992 609692
0 470950
444948 625707
292454 846643
532403 906804
644281 955302
137234 603105
1 587707
0 300486
1 281793
266568 395806
1 173995
1 331135
538166 558972
180949 549103
1 845845
0 147938
216150 333443
0 378738
1 411767
0 637776
314472 552854
1 434037
3080 800775
0 782765
0 457541
679256 825971
250120 814109
0 241811
286137 876498
330867 879067
556585 851332
842464 979015
1 520049
0 481759
98699 717655
394228 678492
0 914178
203415 563622
1 146573
1 855974
333856 980671
176699 296320
1 741179
198432 213756
147985 156304
