1 0
1000
0 1
0 0
1 1
938683 1
43742 287938
308831 511706
81569 719760
629387 845398
0 624417
177858 425223
93335 0
382640 0
1 574277
740723 931630
859416 963623
1 154324
435709 808032
717166 760143
579051 991615
222214 233666
1 851983
178367 985673
109344 311940
1 100799
1 635001
1 582665
0 361865
734097 838114
388681 543153
1 441431
0 126418
203642 487359
0 649064
1 210901
1 772270
0 846570
334873 911453
1 597995
128750 569756
0 494311
1 345601
0 322049
162072 308711
813603 909668
0 67109
129134 529390
1 433672
1 625058
1 297121
1 541370
1 737851
1 989903
1 150779
443733 893781
85949 187055
554166 904084
1 669427
1 791630
538302 685692
0 150067
1 739493
0 564166
90941 887892
0 814988
16593 314805
1 14438
485609 542182
201809 863508
573082 609786
301358 757894
0 754058
1 996251
0 944406
135096 423390
74400 294196
0 185278
598956 868654
1 308458
1 749711
623458 1
0 623458
0 423892
248793 571525
1 306744
499838 0
140271 220337
3998 987874
1 410393
117696 901523
0 932396
647972 820927
489866 514654
784501 800744
61560 587868
0 608116
24149 616947
1 581802
6546 275935
0 423722
656497 746068
414059 836378
0 541252
13225 446327
0 424425
1 406499
1 696231
154630 849272
0 633073
664562 978913
32099 736009
222524 798669
314429 517528
552000 791737
50695 801905
1 885829
0 850207
111722 567737
0 625699
0 666717
0 799344
0 4951
1 934014
2637 597217
0 91279
328545 574161
89893 240954
1 903835
131074 610001
129500 855120
1 806879
0 168977
398943 835184
1 842637
230901 877574
0 54090
372945 595956
0 166616
347569 500189
58898 855942
354193 899623
309640 923775
0 578927
1 578927
1 126255
71190 379711
0 964530
401827 764430
0 160626
109596 904484
1 160626
294823 707672
107585 712011
1 620545
184813 631782
1 288237
11701 423627
966211 996388
28547 927373
237064 655056
29869 51711
1 399468
161515 954155
0 208869
400957 711193
328119 700197
1 70370
1 107307
241309 740673
1 614484
220601 589785
1 178041
0 619861
1 400905
622086 911852
1 7336
204510 523289
59576 402110
0 779284
318673 664697
1 551685
391892 995826
0 541135
102571 213389
1 486926
466628 646577
0 696361
367210 885900
1 656911
1 591571
0 431391
0 895630
1 240410
422080 807957
0 170784
0 329838
393586 501745
26864 383115
368298 485320
0 655432
574341 589890
793846 891201
590623 954469
0 582684
0 113370
113428 324413
278550 763571
389243 939337
0 128167
0 189671
1 223431
325543 492529
125519 772771
1 42886
0 667997
1 225929
473704 670996
609415 976149
463771 527003
0 940201
207851 788427
438780 532772
1 345503
1 292599
432258 583806
38689 262980
0 407427
357348 668753
0 560011
0 568869
0 823968
1 888210
0 637121
461979 593588
1 864046
921514 962317
1 371913
1 118395
1 904887
1 252424
1 756520
0 473788
225941 378775
0 932251
359687 976861
239245 677032
262184 967176
161227 719608
362990 723205
1 398162
427566 833141
0 282959
399836 941693
492799 574508
213278 518347
0 736745
1 117904
469441 884190
90933 739225
0 461958
1 708467
19081 640208
1 768023
0 485678
675464 809198
236880 794051
0 959636
28800 673028
441142 889804
1 726462
47817 816667
734330 918255
1 227447
1 74945
1 475920
74827 939787
78006 517103
0 151500
308628 968980
247188 639391
0 564279
1 912210
0 725117
0 931472
1 96431
73684 512195
1 523042
0 243314
856775 968485
0 862286
1 566162
1 295168
213107 721962
0 243110
1 798584
0 981100
1 283743
0 670608
469458 983600
1 612663
383566 718736
78865 718700
0 458429
0 503790
323653 794359
421690 615384
18782 381658
120015 205702
17167 374470
0 695939
149981 395303
182786 731386
1 695939
78271 112389
690570 971771
1 744945
877648 992950
1 476990
0 476990
104896 888538
151782 867099
1 893084
0 927386
0 719947
0 361702
683218 903895
129844 594631
458968 530312
359708 719331
1 19120
1 955460
1 791962
325819 996246
1 582858
0 343621
46055 786861
1 743518
0 69661
1 487323
131147 615909
1 695915
59590 427848
19226 598125
0 879746
683403 926064
307218 738800
0 821344
161790 454449
0 951159
0 726633
454531 605261
1 726293
0 819051
0 536310
329883 376787
0 297600
507373 944347
113484 230746
4751 753324
1 149329
0 217350
133138 378080
1 312175
0 130455
144163 954037
420079 566302
166196 876608
1 278622
0 637676
373113 664775
110443 783075
1 867304
1 433813
197651 335744
390953 804424
47063 883988
274493 416092
1 455720
0 162257
560771 593354
244888 636911
100302 902458
479475 681497
371199 565726
473133 565387
219846 686025
370233 595625
1 674482
248725 602574
670863 721547
247220 923280
125802 970632
0 337609
1 849711
541925 855889
1 992822
0 339692
0 773319
1 428293
45902 264944
15077 521631
0 127338
364865 874028
225372 579411
343429 388053
164536 704182
1 664592
1 265411
232169 518537
0 597400
0 566805
0 830494
0 130645
0 936141
171857 594736
1 208141
291949 874115
0 368034
1 990416
0 989622
1 219843
0 872815
435197 584395
1 983032
1 842557
1 874226
1 616987
0 846694
549734 719160
567448 615029
0 629932
262871 879940
0 473654
49702 314006
552166 711336
759784 799818
0 367098
575572 593196
1 126924
473406 529790
1 912578
1 271428
0 157177
0 481900
233021 897282
0 467569
0 689002
0 628727
0 31751
0 873061
47759 749416
1 945457
1 785524
1 474710
192631 722389
1 172735
0 270892
0 363237
374542 825564
177482 646859
0 763970
1 577239
1 759643
160000 791104
0 503015
265614 882060
306768 613621
0 479506
0 611407
613967 957054
0 198320
389471 401417
1 920827
469476 748944
0 992730
522318 692525
519580 578604
0 696411
0 670106
1 116009
698466 803410
413228 634176
561695 759949
0 960167
1 452839
1 530824
1 409230
359036 507876
318211 950772
524479 783668
0 539262
0 438526
0 801330
153559 868341
0 549619
579794 887658
40143 550863
167463 442162
0 761251
0 340944
222731 585720
27262 796946
114119 439993
1 631512
484581 893089
0 49159
4967 345265
250334 692112
0 337127
447250 611106
0 308618
0 529209
552789 751309
531534 705120
88485 971097
1 417364
0 167568
78380 193946
1 174681
506986 847343
1 58322
1 974726
0 31241
318946 979819
389908 813852
0 424199
0 845189
230527 956724
510184 745034
888140 953226
490551 611348
304629 585079
127224 595776
539102 748454
1 138337
450358 722461
393807 770398
81842 120526
425822 508673
1 396252
1 628920
229603 509845
0 747843
0 761533
157418 782910
170044 179748
1 549986
441518 962244
214822 331988
1 334292
0 378759
0 873353
0 109997
1 580863
1 754034
1 30743
0 916366
110311 881309
682047 887351
495086 522240
191662 682049
78111 312004
290080 402124
1 78406
0 262472
1 178298
0 137645
570840 913768
0 312818
786550 974068
1 440294
642236 764381
6764 964869
703863 922322
19407 381115
0 360230
303400 701169
0 870447
0 277621
349331 881668
0 894550
20401 66579
235440 947824
561454 851424
613103 889249
0 12843
21206 139230
1 873534
193293 284072
436783 767752
0 194283
0 139283
307032 987713
0 612732
1 675462
868786 970580
294982 613892
112413 945944
704714 706592
785794 868561
7676 666670
0 17554
0 327442
0 610125
566192 745233
1 647158
1 131640
405576 902184
0 561608
701622 817760
0 972484
0 661274
1 516884
1 184230
71233 540454
111410 999733
713017 875310
0 495412
1 742188
752119 929842
527888 885432
0 597279
0 490092
1 194790
1 597524
619191 755161
257734 994561
517343 695027
0 566655
471826 609016
135388 828599
697952 826002
796770 827510
94092 892525
1 139728
1 839566
591435 743649
170160 456805
0 993394
30570 515133
651497 686971
0 812165
549968 765772
820362 855235
45143 242307
550238 683372
1 639868
589497 911803
16525 484218
127293 770703
0 582283
0 941388
385717 415113
1 796181
257449 582559
698022 711298
54911 380729
341120 920562
0 891645
0 428965
1 293862
1 687042
0 787620
1 580182
0 726561
750606 981151
878209 993720
813466 987500
0 469163
1 876424
1 116323
44217 732481
21685 871972
452320 859555
326497 984045
159885 511122
53383 247013
53727 212694
132937 261978
190179 608991
1 12371
0 308174
0 461873
0 1966
1 544022
1 549701
105176 714440
0 830396
1297 151055
0 122894
1 101498
1 286117
1 448997
692497 826389
1 341921
236301 439952
422542 890854
1 982813
1 609295
0 650599
1 90351
1 397419
1 752304
0 424168
267465 967881
0 309026
1 452173
445220 731702
1 64663
515760 982715
0 443350
0 976021
1 479322
1 626973
154711 346123
1 618720
1 201862
588978 957733
211377 236699
1 311571
0 89659
0 513910
0 232705
56615 79373
437727 667921
457954 694903
368836 915577
1 648521
688660 784417
276179 515873
1 75170
211526 832934
605649 857546
55236 751044
227391 686996
355155 573524
322841 562770
894560 931783
359164 757740
0 114715
0 556746
1 85938
0 127561
0 96561
0 804549
0 220938
490056 596632
0 321925
778937 800909
159670 988261
0 635472
592297 740666
1 462317
1 882880
788817 798644
234266 945245
1 677236
1 618020
561003 920609
0 604131
267465 325528
1 660322
0 675343
50639 155200
136434 410168
0 504572
413438 794871
1 825087
1 403563
271723 720306
1 268767
1 902341
0 550791
0 759937
259180 746578
924551 951787
0 851777
822744 948813
694316 907953
1 199033
326178 517721
64013 566964
0 727647
0 549515
0 600817
45776 918713
1 405487
147725 754420
728479 818613
158848 842714
0 537730
442648 596366
0 475954
109311 260544
1 832158
323317 519616
211917 807840
319413 721751
1 775801
886505 998706
0 953818
0 567124
1 91100
0 527948
129991 429991
422966 890366
0 853020
147758 283034
1 238032
567297 650668
1 74747
0 144137
1 488107
171502 377207
0 707609
547858 594838
105040 594876
266119 746818
1 984080
949828 950447
1 730750
555408 810334
0 201717
0 351343
1 110159
0 769267
280643 461024
470247 514700
254048 785829
156412 465268
1 786053
5024 860236
1 801343
436394 964663
1 459234
0 482117
482191 655814
188277 997283
1 913288
279066 549373
845 325026
152569 423357
1 113882
1 442063
112836 511140
63565 499565
1 83718
0 508625
0 589808
1 713673
525059 693199
0 295113
0 197704
0 891295
213721 830001
0 661680
0 457529
265597 470284
0 557994
0 198642
226743 277729
0 486767
0 234398
1 925750
1 749308
557440 656540
24552 578020
1 961440
1 151480
850877 941907
1 677017
0 273025
0 960068
369925 874303
672170 943665
1 735112
1 71148
247551 605772
0 287379
0 746651
652602 687882
659537 875356
1 848701
377285 502581
334380 695271
505537 505705
1 216484
92852 120522
193968 614318
180600 297759
1 742448
1 681270
1 343460
355857 819026
188288 741194
369535 703323
426670 515491
0 924388
0 651353
145192 712975
169240 526852
584881 711947
723340 911951
0 287759
565316 988677
30568 741720
1 906149
586990 912379
10637 295514
63221 696969
1 609497
1 596967
290077 569837
28240 824584
343284 519400
30381 95813
210545 525785
254490 476525
735573 834765
0 521439
0 346721
0 165565
82503 254134
0 820346
130417 612996
156041 935003
0 526903
0 748998
677474 775850
150 716080
212636 966381
1 944087
0 378154
0 469405
1 134501
203351 570905
211866 478092
0 592447
0 215536
712416 719061
0 72831
0 227388
0 429106
1 625375
1 598024
0 96463
0 131984
6119 866110
0 360897
327529 445484
0 309649
588870 898656
334302 716319
850470 869349
0 765930
452908 754063
86970 913511
889367 999292
441230 755827
727592 967942
0 686537
556776 680663
0 590756
1 744687
864292 875499
499538 935004
456472 624058
524891 635561
82412 457429
385437 839763
312672 890219
0 47150
288599 775267
1 840412
79383 401608
204978 765865
1 153197
134103 441541
876951 899160
217566 986739
1 681928
873673 873783
0 18034
250525 500404
699827 973299
136674 330928
487032 540210
0 839299
1 759821
925053 999000
1 440851
653957 919716
0 158070
293372 369909
356126 764392
0 126777
590503 848575
1 799457
0 45883
261471 641684
500947 622745
